  GPU : GeForce 8800 GTS 512
  Major # :  1
  Minor # :  1
  core clock rate :  1.78 GHz
  Number of cores :  128
  Number of multiprocessors : 16
  global memory : 536150016 bytes
  constant memory : 65536 bytes
  shared memory per block : 16384 bytes
  registers available per block : 8192
  Warp size : 32
  Max # of threads per block : 512
  Max sizes of each dimension of a block : 512 x 512 x 64
  Maximum sizes of each dimension of a grid : 65535 x 65535 x 1
  Maximum memory pitch : 262144 bytes
  Texture alignment    : 256 bytes
  Concurrent copy and execution: Yes
  cudaSetDevice to 0 
ai[65526][0] = 8.890778e-01
ai[65526][1] = 9.983975e-01
ai[65526][2] = 2.258403e-02
ai[65527][0] = 6.112788e-02
ai[65527][1] = -1.096952e+00
ai[65527][2] = 2.137176e-01
ai[65528][0] = 1.028882e+00
ai[65528][1] = 6.343979e-01
ai[65528][2] = 4.045916e-01
ai[65529][0] = -9.139195e-02
ai[65529][1] = -1.852466e-01
ai[65529][2] = 4.982064e-02
ai[65530][0] = -1.416494e+00
ai[65530][1] = 4.374830e-02
ai[65530][2] = 6.451700e-02
ai[65531][0] = -3.055061e-01
ai[65531][1] = 9.672513e-01
ai[65531][2] = 8.622459e-01
ai[65532][0] = -4.409449e-01
ai[65532][1] = 8.322757e-01
ai[65532][2] = -4.197550e-01
ai[65533][0] = 7.820218e-02
ai[65533][1] = -3.275220e-01
ai[65533][2] = -1.142843e-01
ai[65534][0] = 4.763078e-01
ai[65534][1] = 3.969487e-01
ai[65534][2] = 1.348896e+00
ai[65535][0] = -3.452255e-01
ai[65535][1] = 4.025618e-01
ai[65535][2] = -6.177144e-02
